100
150
200
250
300
3,5562
2.3364
1,7458
1.3947
1.1614
1.032
1,012
1,007
1.006
1.007
71.1
103.4
132,5
159,6
184.6
2,00
4.426
7,590
11.44
15.89
9.34
13.8
18,1
22.3
26,3
2.54
5.84
10,3
15,9
22,5
0.786
0,758
0.737
0.720
0.707
350
400
450
50
550
0,9950
0.8711
0.7740
0,6964
0.6329
1.009
1.014
1,021
1.030
1.040
208.2
230,1
250.7
270.1
288.4
20,92
26,41
32,39
38,79
45.57
30.0
33,8
37,3
40.7
43,9
29.9
38.3
47.2
56.7
66,7
0.700
0,690
0.686
0.684
0.683
600
650
700
750
800
0.5804
0.5356
0.4975
0.4643
0.4354
1.051
1.063
1,075
1,087
1,099
305.8
322.5
338.8
354.6
369.8
52,69
60,21
68.10
76.37
84.93
46,9
49.7
52.4
54.9
57.3
76.9
87.3
98.0
109
120
0.685
0.690
0,695
0.702
0.709
850
900
950
1000
1100
0,4097
0.3868
0,3666
0.3482
0.3166
1.110
1.121
1.131
1.141
1.159
384.3
398.1
411,3
424,4
449.0
93,80
102.9
112.2
121,9
141.8
59.6
62.0
64,3
66.7
71.5
131
143
155
168
195
0.716
0.720
0,723
0,726
0.728
1200
1300
1400
1500
1600
0.2902
0.2679
0.2488
0.2322
0.2177
1.175
1.189
1.207
1.230
1.248
473.0
496.0
530
557
584
162.9
185.1
213
240
268
76.3
82
91
100
106
224
238
303
350
390
0,728
0,719
0,703
0.685
0.688